 193 207 214 211 215 212 218 213 213 213 211 215 216 217 215 207
 203 215 220 224 222 222 225 225 219 191 196 197 192 192 200 214
 204 219 221 225 227 226 226 226 213 127 116 106 101 104 162 217
 207 220 224 228 229 226 229 228 229 213 209 192 196 210 216 221
 209 224 226 229 230 230 230 230 227 187 111 102 103 148 215 219
 212 225 228 229 230 229 233 230 222 125 173 202 197 127 180 218
 211 227 229 233 233 230 229 230 212 125 222 223 225 177 152 220
 210 222 228 232 232 231 234 228 213 111 165 170 175 144 141 224
 211 228 228 232 234 235 232 230 220 136 135 138 138 135 170 220
 207 225 228 229 233 232 229 229 235 225 222 219 211 195 184 220
 208 223 229 229 230 233 230 232 230 223 204 156 107  91 164 225
 206 226 226 227 229 232 231 229 216 126 102 138 123 176 225 220
 212 224 226 225 228 228 227 227 213 108 136 175 136 179 224 219
 210 222 225 225 225 228 224 227 226 205 171 131  94 127 194 220
 208 221 223 222 226 223 225 226 226 220 220 216 194 162 170 219
 194 205 203 202 200 201 205 212 210 207 204 205 194 197 205 208
 188 199 198 198 200 201 201 202 200 197 197 199 200 202 202 196
 191 206 206 206 206 209 210 213 201 175 181 181 177 178 183 202
 191 208 210 208 211 213 212 211 192 111  98  95  92  89 144 203
 192 205 212 211 211 213 213 212 210 201 195 186 187 199 201 204
 193 209 211 212 214 215 216 215 209 172  93  94  95 134 201 202
 197 210 210 213 216 216 219 216 208 109 154 191 183 114 164 205
 199 211 210 215 218 217 217 216 200 114 207 212 207 164 135 207
 200 208 212 214 215 217 219 216 201 109 153 158 157 131 125 210
 200 212 213 214 215 218 218 217 205 131 124 123 125 122 154 206
 196 210 213 215 215 215 216 219 217 213 209 204 202 183 171 205
 198 207 214 217 214 217 217 218 212 209 190 141  96  78 153 211
 196 211 215 217 214 216 216 216 199 111  88 123 112 161 209 207
 201 211 213 216 216 214 215 214 198  95 122 168 128 164 208 206
 198 209 211 216 211 213 214 213 210 192 156 121  86 111 179 204
 194 207 209 212 212 212 215 211 210 208 208 202 185 146 157 202
 177 190 190 195 188 191 195 196 192 196 194 191 185 189 192 191
 174 186 186 186 192 186 188 185 187 192 194 193 188 189 189 188
 177 188 187 194 193 194 192 191 189 170 177 173 163 164 171 190
 177 190 189 196 198 198 193 190 182 102  98  88  80  77 133 189
 177 187 193 197 198 197 197 193 198 186 189 177 182 188 191 189
 177 192 196 198 200 200 200 195 196 157  89  80  89 130 186 190
 182 194 198 197 199 201 203 198 192 108 146 175 172 110 149 190
 185 197 198 203 202 205 200 199 187 116 193 194 196 152 120 193
 187 193 196 204 203 206 203 198 189 108 139 143 147 122 111 197
 188 195 195 204 205 203 201 197 198 125 111 110 115 114 139 190
 182 195 197 200 205 196 200 199 203 198 200 192 197 180 153 186
 181 194 198 198 201 197 202 202 195 194 182 134  92  74 134 186
 180 198 195 194 196 199 202 201 179 102  86 116 110 155 193 182
 188 197 193 191 194 198 196 197 179  89 125 152 122 154 192 185
 185 194 193 190 197 199 188 197 193 182 153 104  78  97 164 192
 181 193 192 189 200 199 191 198 193 193 196 191 173 131 143 194
 170 180 178 174 182 185 181 189 183 185 183 183 176 178 182 188

 207 214 217 221 219 218 220 224 220 220 225 220 219 220 219 208
 215 200 162 216 215 180 152 141 170 184 164 225 224 194 170 205
 217 192 104 210 148 127 177 144 135 195  91 176 179 127 162 197
 216 192 101 196 103 197 225 175 138 211 107 123 136  94 194 194
 215 197 106 192 102 202 223 170 138 219 156 138 175 131 216 205
 211 196 116 209 111 173 222 165 135 222 204 102 136 171 220 204
 213 191 127 213 187 125 125 111 136 225 223 126 108 205 220 207
 213 219 213 229 227 222 212 213 220 235 230 216 213 226 226 210
 213 225 226 228 230 230 230 228 230 229 232 229 227 227 226 212
 218 225 226 229 230 233 229 234 232 229 230 231 227 224 225 205
 212 222 226 226 230 229 230 231 235 232 233 232 228 228 223 201
 215 222 227 229 230 230 233 232 234 233 230 229 228 225 226 200
 211 224 225 228 229 229 233 232 232 229 229 227 225 225 222 202
 214 220 221 224 226 228 229 228 228 228 229 226 226 225 223 203
 207 215 219 220 224 225 227 222 228 225 223 226 224 222 221 205
 193 203 204 207 209 212 211 210 211 207 208 206 212 210 208 194
 196 202 203 204 202 205 207 210 206 205 211 207 206 204 202 191
 202 183 144 201 201 164 135 125 154 171 153 209 208 179 157 192
 202 178  89 199 134 114 164 131 122 183  78 161 164 111 146 189
 200 177  92 187  95 183 207 157 125 202  96 112 128  86 185 185
 199 181  95 186  94 191 212 158 123 204 141 123 168 121 202 191
 197 181  98 195  93 154 207 153 124 209 190  88 122 156 208 194
 197 175 111 201 172 109 114 109 131 213 209 111  95 192 208 196
 200 201 192 210 209 208 200 201 205 217 212 199 198 210 210 192
 202 213 211 212 215 216 216 216 217 219 218 216 214 213 211 196
 201 210 212 213 216 219 217 219 218 216 217 216 215 214 215 195
 201 209 213 213 215 216 217 217 218 215 217 216 214 213 212 191
 200 206 211 211 214 216 218 215 215 215 214 214 216 211 212 188
 198 206 208 211 212 213 215 214 214 215 217 217 216 216 212 195
 198 206 210 212 211 210 210 212 213 213 214 215 213 211 209 190
 199 206 208 205 209 210 211 208 212 210 207 211 211 209 207 190
 188 191 191 192 193 197 199 200 200 196 198 196 201 198 194 177
 188 190 189 189 190 190 193 197 190 186 186 182 185 192 194 188
 189 171 133 191 186 149 120 111 139 153 134 193 192 164 143 182
 189 164  77 188 130 110 152 122 114 180  74 155 154  97 131 178
 188 163  80 182  89 172 196 147 115 197  92 110 122  78 173 176
 193 173  88 177  80 175 194 143 110 192 134 116 152 104 191 183
 194 177  98 189  89 146 193 139 111 200 182  86 125 153 196 183
 192 170 102 186 157 108 116 108 125 198 194 102  89 182 193 185
 187 189 182 198 196 192 187 189 198 203 195 179 179 193 193 183
 185 191 190 193 195 198 199 198 197 199 202 201 197 197 198 189
 188 192 193 197 200 203 200 203 201 200 202 202 196 188 191 181
 186 194 198 197 200 201 205 206 203 196 197 199 198 199 199 185
 192 193 198 198 200 199 202 203 205 205 201 196 194 197 200 182
 186 194 196 197 198 197 203 204 204 200 198 194 191 190 189 174
 186 187 189 193 196 198 198 196 195 197 198 195 193 193 192 178
 186 188 190 187 192 194 197 193 195 195 194 198 197 194 193 180
 174 177 177 177 177 182 185 187 188 182 181 180 188 185 181 170

 208 205 197 194 205 204 207 210 212 205 201 200 202 203 205 194
 219 170 162 194 216 220 220 226 226 225 223 226 222 223 221 208
 220 194 127  94 131 171 205 226 227 224 228 225 225 225 222 210
 219 224 179 136 175 136 108 213 227 227 228 228 225 226 224 212
 220 225 176 123 138 102 126 216 229 231 232 229 227 226 226 206
 225 164  91 107 156 204 223 230 232 230 233 230 229 229 223 208
 220 184 195 211 219 222 225 235 229 229 232 233 229 228 225 207
 220 170 135 138 138 135 136 220 230 232 235 234 232 228 228 211
 224 141 144 175 170 165 111 213 228 234 231 232 232 228 222 210
 220 152 177 225 223 222 125 212 230 229 230 233 233 229 227 211
 218 180 127 197 202 173 125 222 230 233 229 230 229 228 225 212
 219 215 148 103 102 111 187 227 230 230 230 230 229 226 224 209
 221 216 210 196 192 209 213 229 228 229 226 229 228 224 220 207
 217 162 104 101 106 116 127 213 226 226 226 227 225 221 219 204
 214 200 192 192 197 196 191 219 225 225 222 222 224 220 215 203
 207 215 217 216 215 211 213 213 213 218 212 215 211 214 207 193
 191 192 189 185 191 194 196 192 196 195 191 188 195 190 190 177
 202 157 146 185 202 208 208 210 211 215 212 212 212 209 207 194
 204 179 111  86 121 156 192 210 213 214 213 211 216 211 209 198
 206 208 164 128 168 122  95 198 214 215 214 216 216 213 211 201
 207 209 161 112 123  88 111 199 216 216 216 214 217 215 211 196
 211 153  78  96 141 190 209 212 218 217 217 214 217 214 207 198
 205 171 183 202 204 209 213 217 219 216 215 215 215 213 210 196
 206 154 122 125 123 124 131 205 217 218 218 215 214 213 212 200
 210 125 131 157 158 153 109 201 216 219 217 215 214 212 208 200
 207 135 164 207 212 207 114 200 216 217 217 218 215 210 211 199
 205 164 114 183 191 154 109 208 216 219 216 216 213 210 210 197
 202 201 134  95  94  93 172 209 215 216 215 214 212 211 209 193
 204 201 199 187 186 195 201 210 212 213 213 211 211 212 205 192
 203 144  89  92  95  98 111 192 211 212 213 211 208 210 208 191
 202 183 178 177 181 181 175 201 213 210 209 206 206 206 206 191
 196 202 202 200 199 197 197 200 202 201 201 200 198 198 199 188
 188 182 178 176 183 183 185 183 189 181 185 182 174 178 180 170
 194 143 131 173 191 196 193 193 198 191 199 200 189 192 193 181
 192 164  97  78 104 153 182 193 197 188 199 197 190 193 194 185
 185 192 154 122 152 125  89 179 197 196 198 194 191 193 197 188
 182 193 155 110 116  86 102 179 201 202 199 196 194 195 198 180
 186 134  74  92 134 182 194 195 202 202 197 201 198 198 194 181
 186 153 180 197 192 200 198 203 199 200 196 205 200 197 195 182
 190 139 114 115 110 111 125 198 197 201 203 205 204 195 195 188
 197 111 122 147 143 139 108 189 198 203 206 203 204 196 193 187
 193 120 152 196 194 193 116 187 199 200 205 202 203 198 197 185
 190 149 110 172 175 146 108 192 198 203 201 199 197 198 194 182
 190 186 130  89  80  89 157 196 195 200 200 200 198 196 192 177
 189 191 188 182 177 189 186 198 193 197 197 198 197 193 187 177
 189 133  77  80  88  98 102 182 190 193 198 198 196 189 190 177
 190 171 164 163 173 177 170 189 191 192 194 193 194 187 188 177
 188 189 189 188 193 194 192 187 185 188 186 192 186 186 186 174

 194 208 210 212 206 208 207 211 210 211 212 209 207 204 203 193
 205 221 222 224 226 223 225 228 222 227 225 224 220 219 215 207
 203 223 225 226 226 229 228 228 228 229 228 226 224 221 220 214
 202 222 225 225 227 229 229 232 232 233 229 229 228 225 224 211
 200 226 225 228 229 230 233 234 232 233 230 230 229 227 222 215
 201 223 228 228 232 233 232 235 231 230 229 230 226 226 222 212
 205 225 224 227 231 230 229 232 234 229 233 230 229 226 225 218
 212 226 227 227 229 232 229 230 228 230 230 230 228 226 225 213
 210 226 226 213 216 230 235 220 213 212 222 227 229 213 219 213
 207 220 205 108 126 223 225 136 111 125 125 187 213 127 191 213
 204 220 171 136 102 204 222 135 165 222 173 111 209 116 196 211
 205 216 131 175 138 156 219 138 170 223 202 102 192 106 197 215
 194 194  94 136 123 107 211 138 175 225 197 103 196 101 192 216
 197 162 127 179 176  91 195 135 144 177 127 148 210 104 192 217
 205 170 194 224 225 164 184 170 141 152 180 215 216 162 200 215
 208 219 220 219 220 225 220 220 224 220 218 219 221 217 214 207
 177 194 198 201 196 198 196 200 200 199 197 193 192 191 191 188
 190 207 209 211 211 207 210 212 208 211 210 209 205 208 206 199
 190 209 211 213 215 214 213 213 212 210 210 211 212 210 206 198
 195 212 216 216 217 217 215 214 214 215 213 212 211 208 206 198
 188 212 211 216 214 214 215 215 215 218 216 214 211 211 206 200
 191 212 213 214 216 217 215 218 217 217 216 215 213 213 209 201
 195 215 214 215 216 217 216 218 219 217 219 216 213 212 210 201
 196 211 213 214 216 218 219 217 216 216 216 215 212 211 213 202
 192 210 210 198 199 212 217 205 201 200 208 209 210 192 201 200
 196 208 192  95 111 209 213 131 109 114 109 172 201 111 175 197
 194 208 156 122  88 190 209 124 153 207 154  93 195  98 181 197
 191 202 121 168 123 141 204 123 158 212 191  94 186  95 181 199
 185 185  86 128 112  96 202 125 157 207 183  95 187  92 177 200
 189 146 111 164 161  78 183 122 131 164 114 134 199  89 178 202
 192 157 179 208 209 153 171 154 125 135 164 201 201 144 183 202
 191 202 204 206 207 211 205 206 210 207 205 202 204 203 202 196
 170 181 185 188 180 181 182 188 187 185 182 177 177 177 177 174
 180 193 194 197 198 194 195 195 193 197 194 192 187 190 188 186
 178 192 193 193 195 198 197 195 196 198 198 196 193 189 187 186
 174 189 190 191 194 198 200 204 204 203 197 198 197 196 194 186
 182 200 197 194 196 201 205 205 203 202 199 200 198 198 193 192
 185 199 199 198 199 197 196 203 206 205 201 200 197 198 194 186
 181 191 188 196 202 202 200 201 203 200 203 200 197 193 192 188
 189 198 197 197 201 202 199 197 198 199 198 195 193 190 191 185
 183 193 193 179 179 195 203 198 189 187 192 196 198 182 189 187
 185 193 182  89 102 194 198 125 108 116 108 157 186 102 170 192
 183 196 153 125  86 182 200 111 139 193 146  89 189  98 177 194
 183 191 104 152 116 134 192 110 143 194 175  80 177  88 173 193
 176 173  78 122 110  92 197 115 147 196 172  89 182  80 163 188
 178 131  97 154 155  74 180 114 122 152 110 130 188  77 164 189
 182 143 164 192 193 134 153 139 111 120 149 186 191 133 171 189
 188 194 192 185 182 186 186 190 197 193 190 190 189 189 190 188

