  89 128 130 131 130 134 130 133 132 132 134 131 131 131 126 123
  96 135 135 134 129 134 137 134 128 131 129 131 134 133 129 123
  93 128 129 135 135 138 138 135 138 135 136 130 131 131 133 129
  92 132 132 134 136 139 138 137 134 137 136 131 129 131 128 125
  91 135 134 133 132 136 133 138 136 135 133 132 132 128 129 124
  92 113 107 114 130 132 133 132 131 131 123 104 129 130 130 124
  79  66  79  65 109 120 108 123 125 118 113  97 113 105 108 122
  85  68  71  64 112 104  94  75  99  63  95  74 105  78  80 122
  88  75  89  76  85  85  73  63  99  83 121  70 113  77 112 125
  86  63  67  69  97  70  79  65  98  85 126  79  93  60  91 122
  83 117 115 127 133 128 122 123 125 125 126 122 125 122 121 121
  79 130 135 139 137 139 136 136 132 134 133 134 132 130 127 124
  88 135 139 141 139 133 135 135 131 131 129 129 130 133 132 125
  94 131 134 134 133 134 133 130 131 130 131 133 134 133 129 128
  85 129 135 134 135 133 133 131 132 131 128 127 126 123 123 120
  66  98 106 104 103 104 102 103 103 106 103 101 101  99  97  92
  85 122 123 125 124 125 123 126 125 124 124 123 125 122 120 118
  91 124 126 132 126 127 127 126 127 128 127 125 128 127 124 121
  91 127 127 130 129 129 129 127 129 128 130 126 126 124 123 121
  93 126 128 129 129 126 127 131 129 129 126 126 125 126 125 121
  91 130 128 130 126 130 126 131 130 130 127 126 127 123 122 122
  87 110 102 111 129 130 129 128 129 128 122  99 121 122 124 124
  85  67  80  64 107 116 105 118 119 104 102  95 114 107 111 122
  85  70  76  62 106  94  88  69  97  61  93  73 103  73  73 117
  88  75  87  74  84  84  69  57  94  79 117  64 107  66 105 118
  86  70  67  67 101  76  81  65  97  81 119  72  90  57  85 119
  84 117 110 119 125 123 119 121 123 123 125 118 118 117 121 119
  81 126 127 127 126 129 127 126 124 127 123 122 121 121 122 120
  88 127 127 129 128 125 128 130 126 126 126 123 121 121 120 119
  88 127 133 130 127 130 127 125 127 125 125 122 121 121 122 124
  82 124 129 130 129 126 125 123 126 124 124 124 123 119 122 119
  67 100 103 103 100 100  98  97  94  94  94  96  96  95  93  88
  87 121 121 123 122 124 124 126 120 119 119 120 125 119 114 117
  90 120 117 119 122 123 128 128 126 124 121 126 126 124 121 115
  92 125 124 125 126 131 132 129 130 129 131 124 125 128 127 121
  92 126 126 127 127 126 128 132 128 126 125 127 132 131 126 122
  84 124 121 124 124 129 127 139 129 125 126 127 126 124 124 122
  89 110 103 109 128 130 128 129 130 128 121  98 125 125 124 120
  82  69  79  61 104 114 103 117 120 109 105  96 114 103 108 120
  82  70  78  63 107  99  95  75  95  58  90  72 103  74  73 120
  87  73  86  73  84  85  75  57  93  78 115  61  99  66 100 121
  85  71  69  69  93  72  81  65  96  79 117  73  91  61  83 115
  76 107 105 117 122 122 120 121 122 122 123 119 118 112 114 118
  74 121 124 124 124 128 125 127 127 130 127 128 125 123 123 121
  87 124 123 126 126 123 125 129 126 124 119 115 116 124 125 119
  84 118 127 126 122 121 121 122 123 123 121 117 115 118 119 119
  82 124 129 129 128 126 126 121 123 120 120 120 117 115 120 117
  68  99 101  99  96  98  95  99  99  99  94  93  94  91  93  89

 123 123 129 125 124 124 122 122 125 122 121 124 125 128 120  92
 126 129 133 128 129 130 108  80 112  91 121 127 132 129 123  97
 131 133 131 131 128 130 105  78  77  60 122 130 133 133 123  99
 131 134 131 129 132 129 113 105 113  93 125 132 130 134 126 101
 131 131 130 131 132 104  97  74  70  79 122 134 129 133 127 101
 134 129 136 136 133 123 113  95 121 126 126 133 129 131 128 103
 132 131 135 137 135 131 118  63  83  85 125 134 131 130 131 106
 132 128 138 134 136 131 125  99  99  98 125 132 131 131 132 103
 133 134 135 137 138 132 123  75  63  65 123 136 135 130 131 103
 130 137 138 138 133 133 108  94  73  79 122 136 135 133 133 102
 134 134 138 139 136 132 120 104  85  70 128 139 133 134 133 104
 130 129 135 136 132 130 109 112  85  97 133 137 139 133 135 103
 131 134 135 134 133 114  65  64  76  69 127 139 141 134 134 104
 130 135 129 132 134 107  79  71  89  67 115 135 139 134 135 106
 128 135 128 132 135 113  66  68  75  63 117 130 135 131 129  98
  89  96  93  92  91  92  79  85  88  86  83  79  88  94  85  66
 118 121 121 121 122 124 122 117 118 119 119 120 119 124 119  88
 120 124 123 125 122 124 111  73 105  85 121 122 120 122 122  93
 122 127 124 126 123 122 107  73  66  57 117 121 121 121 119  95
 125 128 126 125 127 121 114 103 107  90 118 121 121 121 123  96
 123 125 126 126 126  99  95  73  64  72 118 122 123 122 124  96
 124 127 130 126 127 122 102  93 117 119 125 123 126 125 124  94
 124 128 128 129 130 128 104  61  79  81 123 127 126 125 124  94
 125 127 129 129 130 129 119  97  94  97 123 124 126 127 126  94
 126 126 127 131 131 128 118  69  57  65 121 126 130 125 123  97
 123 127 129 127 126 129 105  88  69  81 119 127 128 127 125  98
 125 127 129 126 130 130 116  94  84  76 123 129 125 130 126 100
 124 126 129 129 126 129 107 106  84 101 125 126 128 127 129 100
 125 132 130 129 130 111  64  62  74  67 119 127 129 130 130 103
 123 126 127 128 128 102  80  76  87  67 110 127 127 133 129 103
 122 124 127 126 130 110  67  70  75  70 117 126 127 127 124 100
  85  91  91  93  91  87  85  85  88  86  84  81  88  88  82  67
 117 115 121 122 122 120 120 120 121 115 118 121 119 119 117  89
 114 121 127 126 124 124 108  73 100  83 114 123 125 119 120  93
 119 124 128 131 124 125 103  74  66  61 112 123 124 118 115  91
 125 126 125 132 126 125 114 103  99  91 118 125 116 115 117  94
 120 126 124 127 127  98  96  72  61  73 119 128 115 117 120  93
 119 121 131 125 126 121 105  90 115 117 123 127 119 121 120  94
 119 124 129 126 125 128 109  58  78  79 122 130 124 123 120  99
 120 126 130 128 129 130 120  95  93  96 122 127 126 123 123  99
 126 128 129 132 139 129 117  75  57  65 121 127 129 122 121  99
 124 128 132 128 127 128 103  95  75  81 120 125 125 121 126  95
 124 123 131 126 129 130 114  99  85  72 122 128 123 121 126  98
 122 122 126 127 124 128 104 107  84  93 122 124 126 122 128  96
 123 119 125 127 124 109  61  63  73  69 117 124 126 126 129  99
 121 117 124 126 121 103  79  78  86  69 105 124 123 127 129 101
 121 120 125 126 124 110  69  70  73  71 107 121 124 118 124  99
  87  90  92  92  84  89  82  82  87  85  76  74  87  84  82  68

  92  97  99 101 101 103 106 103 103 102 104 103 104 106  98  66
 120 123 123 126 127 128 131 132 131 133 133 135 134 135 129  85
 128 129 133 134 133 131 130 131 130 133 134 133 134 134 131  94
 125 132 133 130 129 129 131 131 135 135 133 139 141 139 135  88
 124 127 130 132 134 133 134 132 136 136 139 137 139 135 130  79
 121 121 122 125 122 126 125 125 123 122 128 133 127 115 117  83
 122  91  60  93  79 126  85  98  65  79  70  97  69  67  63  86
 125 112  77 113  70 121  83  99  63  73  85  85  76  89  75  88
 122  80  78 105  74  95  63  99  75  94 104 112  64  71  68  85
 122 108 105 113  97 113 118 125 123 108 120 109  65  79  66  79
 124 130 130 129 104 123 131 131 132 133 132 130 114 107 113  92
 124 129 128 132 132 133 135 136 138 133 136 132 133 134 135  91
 125 128 131 129 131 136 137 134 137 138 139 136 134 132 132  92
 129 133 131 131 130 136 135 138 135 138 138 135 135 129 128  93
 123 129 133 134 131 129 131 128 134 137 134 129 134 135 135  96
 123 126 131 131 131 134 132 132 133 130 134 130 131 130 128  89
  88  93  95  96  96  94  94  94  97  98 100 100 103 103 100  67
 119 122 119 123 124 124 124 126 123 125 126 129 130 129 124  82
 124 122 121 121 122 125 125 127 125 127 130 127 130 133 127  88
 119 120 121 121 123 126 126 126 130 128 125 128 129 127 127  88
 120 122 121 121 122 123 127 124 126 127 129 126 127 127 126  81
 119 121 117 118 118 125 123 123 121 119 123 125 119 110 117  84
 119  85  57  90  72 119  81  97  65  81  76 101  67  67  70  86
 118 105  66 107  64 117  79  94  57  69  84  84  74  87  75  88
 117  73  73 103  73  93  61  97  69  88  94 106  62  76  70  85
 122 111 107 114  95 102 104 119 118 105 116 107  64  80  67  85
 124 124 122 121  99 122 128 129 128 129 130 129 111 102 110  87
 122 122 123 127 126 127 130 130 131 126 130 126 130 128 130  91
 121 125 126 125 126 126 129 129 131 127 126 129 129 128 126  93
 121 123 124 126 126 130 128 129 127 129 129 129 130 127 127  91
 121 124 127 128 125 127 128 127 126 127 127 126 132 126 124  91
 118 120 122 125 123 124 124 125 126 123 125 124 125 123 122  85
  89  93  91  94  93  94  99  99  99  95  98  96  99 101  99  68
 117 120 115 117 120 120 120 123 121 126 126 128 129 129 124  82
 119 119 118 115 117 121 123 123 122 121 121 122 126 127 118  84
 119 125 124 116 115 119 124 126 129 125 123 126 126 123 124  87
 121 123 123 125 128 127 130 127 127 125 128 124 124 124 121  74
 118 114 112 118 119 123 122 122 121 120 122 122 117 105 107  76
 115  83  61  91  73 117  79  96  65  81  72  93  69  69  71  85
 121 100  66  99  61 115  78  93  57  75  85  84  73  86  73  87
 120  73  74 103  72  90  58  95  75  95  99 107  63  78  70  82
 120 108 103 114  96 105 109 120 117 103 114 104  61  79  69  82
 120 124 125 125  98 121 128 130 129 128 130 128 109 103 110  89
 122 124 124 126 127 126 125 129 139 127 129 124 124 121 124  84
 122 126 131 132 127 125 126 128 132 128 126 127 127 126 126  92
 121 127 128 125 124 131 129 130 129 132 131 126 125 124 125  92
 115 121 124 126 126 121 124 126 128 128 123 122 119 117 120  90
 117 114 119 125 120 119 119 120 126 124 124 122 123 121 121  87

  66  85  94  88  79  83  86  88  85  79  92  91  92  93  96  89
  98 129 131 135 130 117  63  75  68  66 113 135 132 128 135 128
 106 135 134 139 135 115  67  89  71  79 107 134 132 129 135 130
 104 134 134 141 139 127  69  76  64  65 114 133 134 135 134 131
 103 135 133 139 137 133  97  85 112 109 130 132 136 135 129 130
 104 133 134 133 139 128  70  85 104 120 132 136 139 138 134 134
 102 133 133 135 136 122  79  73  94 108 133 133 138 138 137 130
 103 131 130 135 136 123  65  63  75 123 132 138 137 135 134 133
 103 132 131 131 132 125  98  99  99 125 131 136 134 138 128 132
 106 131 130 131 134 125  85  83  63 118 131 135 137 135 131 132
 103 128 131 129 133 126 126 121  95 113 123 133 136 136 129 134
 101 127 133 129 134 122  79  70  74  97 104 132 131 130 131 131
 101 126 134 130 132 125  93 113 105 113 129 132 129 131 134 131
  99 123 133 133 130 122  60  77  78 105 130 128 131 131 133 131
  97 123 129 132 127 121  91 112  80 108 130 129 128 133 129 126
  92 120 128 125 124 121 122 125 122 122 124 124 125 129 123 123
  67  82  88  88  81  84  86  88  85  85  87  91  93  91  91  85
 100 124 127 127 126 117  70  75  70  67 110 130 126 127 124 122
 103 129 133 127 127 110  67  87  76  80 102 128 128 127 126 123
 103 130 130 129 127 119  67  74  62  64 111 130 129 130 132 125
 100 129 127 128 126 125 101  84 106 107 129 126 129 129 126 124
 100 126 130 125 129 123  76  84  94 116 130 130 126 129 127 125
  98 125 127 128 127 119  81  69  88 105 129 126 127 129 127 123
  97 123 125 130 126 121  65  57  69 118 128 131 131 127 126 126
  94 126 127 126 124 123  97  94  97 119 129 130 129 129 127 125
  94 124 125 126 127 123  81  79  61 104 128 130 129 128 128 124
  94 124 125 126 123 125 119 117  93 102 122 127 126 130 127 124
  96 124 122 123 122 118  72  64  73  95  99 126 126 126 125 123
  96 123 121 121 121 118  90 107 103 114 121 127 125 126 128 125
  95 119 121 121 121 117  57  66  73 107 122 123 126 124 127 122
  93 122 122 120 122 121  85 105  73 111 124 122 125 123 124 120
  88 119 124 119 120 119 119 118 117 122 124 122 121 121 121 118
  68  82  84  87  74  76  85  87  82  82  89  84  92  92  90  87
  99 124 118 124 121 107  71  73  70  69 110 124 126 125 120 121
 101 129 127 123 124 105  69  86  78  79 103 121 126 124 117 121
  99 129 126 126 124 117  69  73  63  61 109 124 127 125 119 123
  96 128 122 126 124 122  93  84 107 104 128 124 127 126 122 122
  98 126 121 123 128 122  72  85  99 114 130 129 126 131 123 124
  95 126 121 125 125 120  81  75  95 103 128 127 128 132 128 124
  99 121 122 129 127 121  65  57  75 117 129 139 132 129 128 126
  99 123 123 126 127 122  96  93  95 120 130 129 128 130 126 120
  99 120 123 124 130 122  79  78  58 109 128 125 126 129 124 119
  94 120 121 119 127 123 117 115  90 105 121 126 125 131 121 119
  93 120 117 115 128 119  73  61  72  96  98 127 127 124 126 120
  94 117 115 116 125 118  91  99 103 114 125 126 132 125 126 125
  91 115 118 124 123 112  61  66  74 103 125 124 131 128 124 119
  93 120 119 125 123 114  83 100  73 108 124 124 126 127 121 114
  89 117 119 119 121 118 115 121 120 120 120 122 122 121 115 117

