 248 255 254 254 255 255 255 255 255 255 255 255 254 255 255 255
 244 255 255 255 255 255 255 255 255 255 255 255 255 255 255 255
 249 255 255 255 255 255 255 255 255 255 255 255 255 255 255 255
 249 255 255 236 181 168 176 178 175 182 173 234 255 255 255 255
 238 255 255 248 232 218 225 230 219 228 226 244 255 255 255 255
 250 255 255 255 255 255 255 255 255 255 255 255 255 255 255 255
 243 255 255 245 186 168 174 178 173 186 178 227 255 255 255 255
 241 255 255 249 229 207 221 163 210 223 217 240 255 255 255 255
 250 254 255 255 255 255 244 184 255 255 255 255 255 255 255 255
 242 255 255 255 255 255 254 189 255 255 255 255 255 255 255 255
 244 255 255 255 255 255 249 185 255 255 255 255 255 255 255 255
 245 255 255 247 206 213 204 149 214 211 213 244 255 255 255 255
 237 255 255 244 191 197 176 184 194 180 190 233 255 255 255 255
 248 255 255 255 255 255 255 255 255 255 255 255 255 255 255 255
 238 255 255 255 255 255 255 255 255 255 255 255 255 255 255 255
 233 240 236 253 245 243 253 245 239 255 251 243 255 250 242 255
 242 254 254 254 255 255 255 255 255 255 255 255 254 255 255 254
 237 255 255 255 255 255 255 255 255 255 255 255 255 255 255 255
 240 254 255 255 255 255 255 255 255 255 255 255 255 255 255 255
 244 254 255 225 133 119 133 127 122 134 123 220 255 255 255 255
 229 254 255 245 222 206 212 222 206 219 217 239 255 255 255 254
 241 255 255 255 255 255 255 255 255 255 255 255 255 255 255 255
 234 255 255 236 137 125 139 133 129 143 135 212 255 255 255 254
 231 254 254 245 220 195 207 118 198 212 205 235 255 255 255 255
 243 252 254 254 255 255 237 136 255 255 255 255 255 255 255 255
 231 253 254 255 255 255 251 144 255 255 255 255 255 255 255 254
 233 253 254 254 255 255 243 135 255 255 255 255 255 255 255 254
 235 251 253 238 172 192 171 103 189 179 183 235 255 255 255 254
 224 252 253 235 169 172 148 159 171 149 165 222 255 255 255 254
 234 251 252 252 253 254 253 253 255 255 254 255 255 255 255 254
 223 251 252 253 253 255 254 255 254 255 254 255 255 254 255 254
 212 224 218 238 229 227 242 234 227 246 238 228 249 242 231 246
 183 182 186 183 181 183 178 189 185 179 176 174 176 175 174 169
 171 175 181 183 182 182 180 183 180 179 177 177 173 174 173 169
 174 179 177 177 173 172 171 174 165 163 168 169 175 175 171 165
 177 182 178 148  44  40  64  48  42  48  46 138 173 172 170 168
 163 185 178 166 160 140 150 156 137 154 145 156 173 168 167 170
 178 182 175 172 166 174 164 166 163 163 163 173 174 169 169 169
 171 174 174 150  43  40  45  47  48  54  47 116 172 168 166 168
 167 171 174 158 144 125 139  49 129 147 137 149 171 166 167 167
 174 171 171 168 167 171 156  46 170 172 175 172 169 164 166 160
 161 172 170 171 168 176 170  59 171 171 170 170 169 163 162 158
 165 172 169 172 166 171 156  64 165 168 168 165 166 161 160 159
 168 175 170 149  86  94  91  38 107  99 103 141 164 166 160 159
 156 177 171 151 103 105  92 101 108  91 103 136 160 161 159 159
 164 172 172 171 166 169 171 172 168 166 166 166 160 158 157 160
 154 165 169 172 170 168 171 170 167 160 160 161 158 163 161 159
 144 134 122 155 142 144 146 137 127 148 149 139 146 139 129 150

 255 255 255 255 255 255 255 255 255 255 255 255 255 255 255 255
 255 255 255 255 255 255 255 255 255 255 255 255 255 255 255 242
 255 255 255 255 255 255 255 255 255 255 255 255 255 255 255 250
 254 255 255 255 255 255 255 255 255 255 255 255 255 255 255 255
 255 255 255 234 244 255 227 240 255 255 255 244 233 255 255 243
 255 255 255 173 226 255 178 217 255 255 255 213 190 255 255 251
 255 255 255 182 228 255 186 223 255 255 255 211 180 255 255 255
 255 255 255 175 219 255 173 210 255 255 255 214 194 255 255 239
 255 255 255 178 230 255 178 163 184 189 185 149 184 255 255 245
 255 255 255 176 225 255 174 221 244 254 249 204 176 255 255 253
 255 255 255 168 218 255 168 207 255 255 255 213 197 255 255 243
 255 255 255 181 232 255 186 229 255 255 255 206 191 255 255 245
 254 255 255 236 248 255 245 249 255 255 255 247 244 255 255 253
 254 255 255 255 255 255 255 255 255 255 255 255 255 255 255 236
 255 255 255 255 255 255 255 255 254 255 255 255 255 255 255 240
 248 244 249 249 238 250 243 241 250 242 244 245 237 248 238 233
 254 255 255 255 254 255 254 255 255 254 254 254 254 254 254 246
 255 255 255 255 255 255 255 255 255 255 255 255 255 255 255 231
 255 255 255 255 255 255 255 255 255 255 255 255 255 255 254 242
 254 255 255 255 255 255 255 255 255 255 255 255 255 255 255 249
 255 255 255 220 239 255 212 235 255 255 255 235 222 255 255 228
 255 255 255 123 217 255 135 205 255 255 255 183 165 254 254 238
 255 255 255 134 219 255 143 212 255 255 255 179 149 255 255 246
 255 255 255 122 206 255 129 198 255 255 255 189 171 255 254 227
 255 255 255 127 222 255 133 118 136 144 135 103 159 253 255 234
 255 255 255 133 212 255 139 207 237 251 243 171 148 253 254 242
 255 255 255 119 206 255 125 195 255 255 255 192 172 254 255 227
 255 255 255 133 222 255 137 220 255 255 255 172 169 253 253 229
 254 255 255 225 245 255 236 245 254 255 254 238 235 252 253 238
 254 255 255 255 255 255 255 254 254 254 254 253 253 252 252 218
 254 255 254 254 254 255 255 254 252 253 253 251 252 251 251 224
 242 237 240 244 229 241 234 231 243 231 233 235 224 234 223 212
 169 169 165 168 170 169 168 167 160 158 159 159 159 160 159 150
 174 173 171 170 167 169 166 167 166 162 160 160 159 157 161 129
 175 174 175 172 168 169 168 166 164 163 161 166 161 158 163 139
 176 173 175 173 173 174 172 171 169 169 166 164 160 160 158 146
 174 177 169 138 156 173 116 149 172 170 165 141 136 166 161 139
 176 177 168  46 145 163  47 137 175 170 168 103 103 166 160 149
 179 179 163  48 154 163  54 147 172 171 168  99  91 166 160 148
 185 180 165  42 137 163  48 129 170 171 165 107 108 168 167 127
 189 183 174  48 156 166  47  49  46  59  64  38 101 172 170 137
 178 180 171  64 150 164  45 139 156 170 156  91  92 171 171 146
 183 182 172  40 140 174  40 125 171 176 171  94 105 169 168 144
 181 182 173  44 160 166  43 144 167 168 166  86 103 166 170 142
 183 183 177 148 166 172 150 158 168 171 172 149 151 171 172 155
 186 181 177 178 178 175 174 174 171 170 169 170 171 172 169 122
 182 175 179 182 185 182 174 171 171 172 172 175 177 172 165 134
 183 171 174 177 163 178 171 167 174 161 165 168 156 164 154 144

 255 242 250 255 243 251 255 239 245 253 243 245 253 236 240 233
 255 255 255 255 255 255 255 255 255 255 255 255 255 255 255 238
 255 255 255 255 255 255 255 255 255 255 255 255 255 255 255 248
 255 255 255 255 233 190 180 194 184 176 197 191 244 255 255 237
 255 255 255 255 244 213 211 214 149 204 213 206 247 255 255 245
 255 255 255 255 255 255 255 255 185 249 255 255 255 255 255 244
 255 255 255 255 255 255 255 255 189 254 255 255 255 255 255 242
 255 255 255 255 255 255 255 255 184 244 255 255 255 255 254 250
 255 255 255 255 240 217 223 210 163 221 207 229 249 255 255 241
 255 255 255 255 227 178 186 173 178 174 168 186 245 255 255 243
 255 255 255 255 255 255 255 255 255 255 255 255 255 255 255 250
 255 255 255 255 244 226 228 219 230 225 218 232 248 255 255 238
 255 255 255 255 234 173 182 175 178 176 168 181 236 255 255 249
 255 255 255 255 255 255 255 255 255 255 255 255 255 255 255 249
 255 255 255 255 255 255 255 255 255 255 255 255 255 255 255 244
 255 255 255 254 255 255 255 255 255 255 255 255 254 254 255 248
 246 231 242 249 228 238 246 227 234 242 227 229 238 218 224 212
 254 255 254 255 255 254 255 254 255 254 255 253 253 252 251 223
 254 255 255 255 255 254 255 255 253 253 254 253 252 252 251 234
 254 255 255 255 222 165 149 171 159 148 172 169 235 253 252 224
 254 255 255 255 235 183 179 189 103 171 192 172 238 253 251 235
 254 255 255 255 255 255 255 255 135 243 255 255 254 254 253 233
 254 255 255 255 255 255 255 255 144 251 255 255 255 254 253 231
 255 255 255 255 255 255 255 255 136 237 255 255 254 254 252 243
 255 255 255 255 235 205 212 198 118 207 195 220 245 254 254 231
 254 255 255 255 212 135 143 129 133 139 125 137 236 255 255 234
 255 255 255 255 255 255 255 255 255 255 255 255 255 255 255 241
 254 255 255 255 239 217 219 206 222 212 206 222 245 255 254 229
 255 255 255 255 220 123 134 122 127 133 119 133 225 255 254 244
 255 255 255 255 255 255 255 255 255 255 255 255 255 255 254 240
 255 255 255 255 255 255 255 255 255 255 255 255 255 255 255 237
 254 255 255 254 255 255 255 255 255 255 255 255 254 254 254 242
 150 129 139 146 139 149 148 127 137 146 144 142 155 122 134 144
 159 161 163 158 161 160 160 167 170 171 168 170 172 169 165 154
 160 157 158 160 166 166 166 168 172 171 169 166 171 172 172 164
 159 159 161 160 136 103  91 108 101  92 105 103 151 171 177 156
 159 160 166 164 141 103  99 107  38  91  94  86 149 170 175 168
 159 160 161 166 165 168 168 165  64 156 171 166 172 169 172 165
 158 162 163 169 170 170 171 171  59 170 176 168 171 170 172 161
 160 166 164 169 172 175 172 170  46 156 171 167 168 171 171 174
 167 167 166 171 149 137 147 129  49 139 125 144 158 174 171 167
 168 166 168 172 116  47  54  48  47  45  40  43 150 174 174 171
 169 169 169 174 173 163 163 163 166 164 174 166 172 175 182 178
 170 167 168 173 156 145 154 137 156 150 140 160 166 178 185 163
 168 170 172 173 138  46  48  42  48  64  40  44 148 178 182 177
 165 171 175 175 169 168 163 165 174 171 172 173 177 177 179 174
 169 173 174 173 177 177 179 180 183 180 182 182 183 181 175 171
 169 174 175 176 174 176 179 185 189 178 183 181 183 186 182 183

 233 238 248 237 245 244 242 250 241 243 250 238 249 249 244 248
 240 255 255 255 255 255 255 254 255 255 255 255 255 255 255 255
 236 255 255 255 255 255 255 255 255 255 255 255 255 255 255 254
 253 255 255 244 247 255 255 255 249 245 255 248 236 255 255 254
 245 255 255 191 206 255 255 255 229 186 255 232 181 255 255 255
 243 255 255 197 213 255 255 255 207 168 255 218 168 255 255 255
 253 255 255 176 204 249 254 244 221 174 255 225 176 255 255 255
 245 255 255 184 149 185 189 184 163 178 255 230 178 255 255 255
 239 255 255 194 214 255 255 255 210 173 255 219 175 255 255 255
 255 255 255 180 211 255 255 255 223 186 255 228 182 255 255 255
 251 255 255 190 213 255 255 255 217 178 255 226 173 255 255 255
 243 255 255 233 244 255 255 255 240 227 255 244 234 255 255 255
 255 255 255 255 255 255 255 255 255 255 255 255 255 255 255 254
 250 255 255 255 255 255 255 255 255 255 255 255 255 255 255 255
 242 255 255 255 255 255 255 255 255 255 255 255 255 255 255 255
 255 255 255 255 255 255 255 255 255 255 255 255 255 255 255 255
 212 223 234 224 235 233 231 243 231 234 241 229 244 240 237 242
 224 251 251 252 251 253 253 252 254 255 255 254 254 254 255 254
 218 252 252 253 253 254 254 254 254 255 255 255 255 255 255 254
 238 253 252 235 238 254 255 254 245 236 255 245 225 255 255 254
 229 253 253 169 172 255 255 255 220 137 255 222 133 255 255 255
 227 255 254 172 192 255 255 255 195 125 255 206 119 255 255 255
 242 254 253 148 171 243 251 237 207 139 255 212 133 255 255 255
 234 255 253 159 103 135 144 136 118 133 255 222 127 255 255 255
 227 254 255 171 189 255 255 255 198 129 255 206 122 255 255 255
 246 255 255 149 179 255 255 255 212 143 255 219 134 255 255 255
 238 254 254 165 183 255 255 255 205 135 255 217 123 255 255 255
 228 255 255 222 235 255 255 255 235 212 255 239 220 255 255 255
 249 255 255 255 255 255 255 255 255 255 255 255 255 255 255 254
 242 254 255 255 255 255 255 255 255 255 255 255 255 255 255 255
 231 255 255 255 255 255 255 255 255 255 255 255 255 255 255 255
 246 254 254 254 254 254 254 255 255 254 255 254 255 255 255 254
 144 154 164 156 168 165 161 174 167 171 178 163 177 174 171 183
 134 165 172 177 175 172 172 171 171 174 182 185 182 179 175 182
 122 169 172 171 170 169 170 171 174 174 175 178 178 177 181 186
 155 172 171 151 149 172 171 168 158 150 172 166 148 177 183 183
 142 170 166 103  86 166 168 167 144  43 166 160  44 173 182 181
 144 168 169 105  94 171 176 171 125  40 174 140  40 172 182 183
 146 171 171  92  91 156 170 156 139  45 164 150  64 171 180 178
 137 170 172 101  38  64  59  46  49  47 166 156  48 174 183 189
 127 167 168 108 107 165 171 170 129  48 163 137  42 165 180 185
 148 160 166  91  99 168 171 172 147  54 163 154  48 163 179 179
 149 160 166 103 103 168 170 175 137  47 163 145  46 168 177 176
 139 161 166 136 141 165 170 172 149 116 173 156 138 169 177 174
 146 158 160 160 164 166 169 169 171 172 174 173 173 175 173 176
 139 163 158 161 166 161 163 164 166 168 169 168 172 175 174 175
 129 161 157 159 160 160 162 166 167 166 169 167 170 171 173 174
 150 159 160 159 159 159 158 160 167 168 169 170 168 165 169 169

